KDE RGB Palette
#
255 255 255 
0 0 0 
0 0 0 
0 0 180 
0 0 180 
0 111 148 
0 111 148 
8 144 255 
5 184 255 
255 192 192 
0 255 0 
128 128 0 
0 192 0 
128 128 0 
0 255 0 
0 192 0 
1 255 1 
3 157 49 
0 102 0 
0 160 0 
0 172 0 
0 192 0 
1 255 1 
0 192 0 
255 220 168 
128 0 128 
128 0 128 
0 0 0 
192 192 0 
128 128 0 
160 160 160 
160 160 160 
0 0 0 
0 0 0 
128 128 0 
255 255 255 
64 0 0 
0 0 0 
255 170 0 
55 164 44 
255 170 0 
255 0 255 
255 128 0 
195 195 195 
192 192 0 
255 168 88 
50 52 10 
157 163 34 
99 66 0 
